3808
5276
-5270
757
-4272
529
-131
-4434
2465
-1810
-5805
-9546
6002
3760
-2840
-450
-31
682
2699
4923
1084
-2703
2883
121
-4719
-5011
-197
7116
-1978
-3662
2560
-2558
-4040
-2062
7313
-1304
-10045
-3046
-176
2892
326
-1959
-1412
5672
9110
2742
-1374
1513
599
-3215
-2130
-1744
-1620
3520
5061
-2735
-1408
6526
4271
3952
2278
-6092
2458
-1509
1532
7495
3683
2787
2554
-1018
-755
-5027
3496
3468
3442
422
-1316
6374
362
-1880
-971
-1809
-5300
-2678
-4635
560
3988
-1960
-1478
-3424
-1612
1004
1660
1624
2851
-4608
2507
-859
4459
-7171
4096
-8273
330
-9253
3619
393
-7330
-2628
-5346
905
3113
-107
-1090
-2333
3752
2840
-1250
2822
-2604
-5594
4073
2462
-191
-150
-2670
1672
406
3086
2851
2894
2973
-3890
-2614
-1729
2175
-2558
1095
-4557
3213
-1883
-1821
-3184
2348
-485
2847
-1345
2388
-910
5200
-2790
7880
4609
-3054
3975
1754
-3743
-2264
-851
-161
-3421
1459
1535
-3671
6182
1165
-2645
1534
-789
-10245
2925
-298
274
-1479
-2255
1670
-1724
8152
3746
3986
781
-4633
-357
-585
3414
-2716
6638
838
478
-1076
-4253
-1536
1503
-843
4264
4177
-1067
-425
-4205
-7977
0
3149
-949
-3225
8303
3663
1480
-4901
-1531
6803
1078
4019
1237
-705
3198
-455
533
-2334
3385
495
1937
674
5150
310
2458
1844
4820
12
-5161
-1203
-4591
-4938
6488
1807
-5259
4994
-66
-504
3452
5814
-6209
-163
-2062
-2047
-5484
-1782
344
4037
703
2620
3777
-2487
228
-800
-53
-3289
1155
-2563
1658
2520
-2929
-900
6961
-2146
7065
535
-1803
1732
3684
-1393
-1368
5063
-1577
-1360
6155
-3583
-1903
-1861
-2235
-475
-3077
-1456
-6940
-6958
6591
4671
-42
-1334
-6036
941
627
2142
2898
-2292
-2730
-7864
-585
-5496
-1045
-7960
717
-2048
1848
-525
1665
-3597
1524
-275
2558
1277
-6019
-4234
-1603
-2018
-11961
-503
-2234
1072
-3413
-3006
7008
-2036
3199
-1250
5261
1139
3417
3996
1052
-4596
-560
4110
-1683
-5450
-1167
5405
2367
-746
-8585
8864
5518
6519
1456
-1925
-5049
1853
1771
4061
3738
1641
361
-4565
469
-3369
-1029
-2385
4098
-46
980
-3032
6223
2188
-6960
-4289
-6061
704
1603
-5011
10170
-53
-1042
501
-4864
1006
-802
-4622
-503
-1181
-1067
1309
-2125
-784
6031
-44
-2565
-144
5983
4534
4028
725
4175
-3369
2722
192
-3565
826
803
-1909
1712
1653
5471
4028
-4278
6183
4579
3631
-5820
-1149
-2701
829
-4168
780
54
3021
5757
-1185
-4385
-2799
-4395
-613
-329
402
2744
4715
5198
1055
-2421
-1097
2412
-7257
-2964
5959
-4345
2165
5390
-1022
4366
1063
2208
4448
5079
4045
-3992
-3054
-2734
-2572
-3011
5155
-3739
-2051
4486
4210
-1353
4996
364
-881
2125
3637
3649
-1984
-2726
-97
-1716
4862
7535
-918
-2541
-6598
-4515
3872
-1873
-3953
-2240
-538
-2340
-2118
3809
5771
3905
2441
-545
5868
-618
2362
2178
1103
440
-6108
-621
1988
-2024
3422
-2600
-590
207
4289
-299
-901
33
-163
717
-683
-2545
-3779
3654
-4585
7386
1903
-6665
3247
5961
-5845
2739
481
-5993
-2096
-1680
-2458
2956
-4898
1433
411
-2488
-2795
4117
4189
-3761
-8307
831
-271
2276
-8485
1868
524
10005
-919
5965
-4273
447
5174
1488
-4140
3227
-1476
2978
-813
-646
1066
-7640
1229
-739
-5745
585
2899
-3626
3304
-2602
6987
1116
1463
-1340
-664
-4919
2717
2441
3134
2183
2004
2242
-2916
3057
1628
-638
-2497
2804
-865
9173
-1219
5854
-1412
817
106
-2549
-3340
-1745
-468
2049
4969
3691
3971
-4640
5102
7184
-7710
-5617
-6471
4232
-2793
1411
1931
0
3918
-685
849
2442
-5935
1759
640
-878
4899
8
339
2306
792
-1273
-1059
-7858
3237
6738
7113
-1379
-1271
-340
1493
-953
-5944
249
5357
5775
2955
-1128
3103
1776
-11
2777
-2446
-9201
-2133
-4468
-5403
-3097
-6544
-5736
3842
-2171
4771
4233
1286
-180
-6662
5574
-3636
-2047
3221
1426
-473
-1073
305
-1164
-2781
-6785
4076
2631
-3553
2306
-5429
-8382
-2082
-1732
-50
-2328
1343
-4310
-1974
1114
-4713
457
-5291
5735
4459
2332
-485
3066
4287
715
-2225
9962
-4872
197
3604
-6312
4668
6146
-520
-1341
-1606
2700
-45
-2250
469
2868
-2048
2534
4413
-1362
2332
-225
-689
-3294
-499
-7213
-142
1110
-2810
-4421
4748
1018
1563
9022
-1554
-1515
254
7790
3003
-2829
-1213
-2896
-3397
446
-2204
-2798
5372
-1779
-3255
1497
2408
1421
1979
-3198
1652
7967
-623
5869
4637
4047
4862
-7302
2374
4203
3873
5352
2308
1492
-451
2466
5215
4168
-1614
-1033
771
6331
729
8022
-1062
-1352
-3841
-938
-1516
-550
1077
5205
-1585
-1588
-1862
735
3829
-7221
1934
-2320
-2276
-3726
-313
5937
-7312
1655
1394
-2529
-1403
-917
3733
1521
840
-1933
592
600
-1141
-1374
-2584
8281
-7588
684
3662
-2082
-3077
4968
-2221
-3796
-1575
-1751
-2879
1216
4137
-3841
-4239
1442
-4176
-10028
-5127
412
6733
-1042
5219
-6542
-1988
1211
323
-1329
4009
-3334
2823
-1634
-4092
1830
-7976
-1220
-1150
4046
3653
2156
2865
825
1972
2099
3259
-5612
-5371
-3517
-161
2090
-3748
-770
-3061
-2036
933
673
-6646
2356
2240
164
3636
6841
1360
-3677
1784
2546
-2455
-2082
-47
367
6525
-3627
8648
3016
6534
569
-5794
3643
3487
2889
81
2647
-1271
-7495
-319
2097
-4551
-4279
7878
-472
-5592
-4501
-1652
368
8171
2562
1387
7260
2986
-3927
-450
717
-683
-159
-3120
-1097
650
954
4525
4620
1507
-2872
-4693
-3528
1100
1777
8981
-2458
1293
3207
3930
2156
1853
2327
4006
4614
3066
-6395
3070
-8754
-112
-2268
-1875
-1349
2863
-116
1940
-888
-6049
3683
-4110
-2153
3362
-1028
-5063
-142
-3887
-3847
3776
-982
3169
4307
-1129
5682
405
227
1914
347
291
1656
4888
-2485
279
4531
3393
2662
-4568
-2444
2158
2610
-3466
-1818
-653
-1441
1840
1212
-5405
3305
93
-97
21
-908
2744
962
-7520
-5227
417
5163
-2455
2372
6660
-4002
-6824
-7156
4718
-6126
584
-8709
-7099
-3685
-3339
1368
3735
264
229
-6287
-1131
4788
6152
885
-6558
2598
3093
1780
-1237
7560
3272
-1973
1144
-3109
2945
2277
-2843
-2715
3095
2641
4471
-1803
-2851
1169
1594
-1706
-614
512
-1894
10344
2376
1613
-7044
-909
2082
3165
-6381
4283
4368
1136
-3911
-313
-174
-1889
-1055
5427
-575
-5022
-5898
-3803
-4176
-1835
-546
-2303
-8493
2127
-5280
64
-832
-1202
-3673
6932
4283
2011
-1637
-4423
-2378
1986
3624
-3975
-8956
-1806
-197
4016
2047
4692
1941
177
-5422
5299
1334
1792
4520
-1527
52
1078
1564
34
833
-5392
-960
1443
959
2509
2833
0
5461
1402
-884
3231
-2496
366
5046
1752
-4436
-1129
7887
-6075
-2491
1049
-4255
-2143
1595
1888
3730
3885
2290
3114
5927
2359
607
-2741
1800
-2374
-4827
-2167
-4086
984
4844
-4865
6893
-3035
1787
-3455
-2598
-4362
-3525
38
3459
3758
138
1947
3311
6351
-606
4024
3437
-1307
6558
8072
-829
7748
-5059
-738
-3840
-8849
-2918
3543
2386
-5287
3637
-429
3443
-1025
447
-2726
-2782
-2943
1074
-5409
-949
-3802
-7124
-372
562
-3370
-25
5974
4149
1711
-2589
-3956
-1286
-2851
-5279
3106
2172
4445
849
5167
5151
-5096
-3628
632
-4312
1368
3259
3622
366
-1945
-5210
-1226
2117
-3167
1027
3123
-6212
3779
4576
3939
-513
4760
-4199
-215
-1078
-3755
6000
2917
-7439
5950
4575
1824
4934
2511
-14
-2155
-3823
5616
3744
136
-4369
6595
5249
-818
1848
426
3128
4728
-143
-4679
-2847
-1700
4101
2745
1417
2420
1555
416
4234
-1448
-2450
-6883
-4983
-2941
3950
2718
5169
7236
113
-1555
-2288
1607
5031
3328
7246
-1872
1117
5128
874
64
-2268
11778
1310
-2086
2259
1729
3027
125
-1307
-243
-1087
-1443
-1676
-6477
-992
1874
3062
-3357
412
5558
-690
-1260
-807
896
-5590
6454
0
-2362
4988
-2205
-1098
-10323
460
-3028
-4629
4141
-668
-5587
288
2172
-3298
6879
600
5754
-895
4180
-6476
3943
4850
-4361
-1094
-1033
205
-222
-7944
-3746
-1515
9001
2787
-1898
-2141
-3175
-6946
-2617
-906
2360
-1219
-946
3164
-633
-1220
837
3750
5069
4817
-645
-4443
5034
1188
305
-1561
-3865
520
-5667
-528
2452
-1287
-3364
4128
-867
-1011
-4691
-434
-2596
6491
-2699
-1559
-6964
-626
-5556
3401
2881
-3000
3249
1112
2598
858
-2953
-3184
-1304
3387
1747
1765
4559
1249
5344
1324
3349
3517
1106
-1072
1295
-350
-4573
2675
-2052
3955
-4086
-4034
-6090
-112
-1718
7155
-7684
-4259
-3122
1906
-1461
6462
2888
1761
-2883
3356
-620
-3989
500
-4729
1232
3263
-2208
-1706
2737
-5961
-2582
-1745
-2269
420
3259
3776
4483
463
1551
380
-8990
-4091
-4832
-4308
-828
3282
1040
5137
1534
2360
794
6617
-3007
-1387
1713
6662
-1157
-3867
-1462
1470
5874
-3355
-1002
-2367
6586
-1166
-89
-1400
-1473
491
-9324
4901
4427
-2012
1678
1473
-1547
-2182
-72
2968
175
-3318
4470
4826
1834
-1872
1581
-2206
-2965
3641
3788
-498
-885
4481
2975
2385
277
-2199
4166
8684
1532
4421
-1434
2731
-5510
6286
1692
196
-751
790
-2672
2618
1688
5840
3273
1674
2537
-3723
-6769
-2277
4255
-2444
1841
848
1123
-2733
-4722
-3002
4806
-5017
-3979
-3262
-3639
432
2312
3077
-683
7845
483
2594
755
-3651
-6993
4584
-2602
-5906
-2156
-6392
5467
-174
-4281
3825
-4668
-1424
-3855
-2121
5356
2278
-3468
-130
-504
4364
-1603
5795
-3948
4749
6303
144
2047
-4087
1203
-480
-3581
332
1366
-1133
6336
799
-3015
5684
813
10620
-1219
-2924
-5016
3481
-3094
-412
1887
1726
-6198
1399
767
-5196
2834
3662
-6853
1324
2936
-6369
-3366
1311
0
3296
-3399
-1237
1905
2017
2001
1982
7799
1739
-3558
4895
1880
637
4661
484
2435
6561
-2534
-3375
-3962
-2297
3323
-4027
1647
-3071
-992
-3954
711
1785
-4198
-715
4220
8223
1157
-1299
-5427
4833
-729
4735
4832
-3781
-909
3266
-1971
-692
-1318
800
-2827
-6834
501
-5716
1305
-3123
-3646
-667
-445
-2738
-4009
-3335
6890
-1355
944
-3712
3556
-2743
-2475
-1009
1125
180
-1275
-957
2124
3260
-56
1998
-4057
-589
-6808
5379
-6722
-5426
2917
1237
4846
-3694
6989
499
-7834
-2666
-6697
5695
-6174
3152
6950
-3384
-5571
-2504
-6958
-4129
2868
-2731
-2688
6866
-7230
-4985
496
2250
-4254
-2530
-438
-2771
5163
2014
1279
-2592
657
4893
-2421
1156
-1841
-1669
2247
-1228
-4161
-5606
-3168
2361
2511
-3707
-3080
2725
-893
-3856
3904
1955
10088
-2769
26
1665
-3355
-862
2134
-3028
-1878
-1340
-3341
-999
-242
3301
778
173
6373
-693
4646
-824
2432
-2563
-480
-382
4458
-8156
-5336
-78
-2184
5980
2804
-7125
2644
-937
-1453
852
-4082
-2974
-4595
-3304
3974
6402
-1023
-1450
-2904
-262
3115
1244
1481
4589
-1076
861
-3226
1514
-3722
6597
-3682
325
-296
3116
2687
4491
-1470
-3567
6839
4065
1339
-494
-1513
-6282
598
-3447
-3130
-5149
-4862
2808
1561
-2891
-2222
-4014
-90
-1760
-3075
-5987
868
-6294
2085
1679
-4267
-1057
-2225
-3104
4749
-3736
412
-1399
783
1842
-2553
-4202
-4252
2852
578
6072
1693
-1809
236
4363
826
6
-7762
-982
-9536
1478
380
2536
-567
-2095
3242
-1795
272
3362
889
1472
-917
-4944
527
-7415
-480
3254
757
-5715
2820
-2318
-4124
3429
-3691
-2591
474
4439
2068
-3187
5411
-88
-847
2356
217
677
-3947
-486
2601
-618
1157
3880
865
1084
-390
-7150
-3944
1155
2797
-2779
-1245
-1162
6454
-4096
3051
148
1968
273
714
1191
3845
-1358
2639
5863
-2609
5351
455
-2514
-664
-4197
-1840
422
478
184
2734
-1687
-1295
-5684
-1595
-4449
844
2333
2962
3921
-1656
2787
736
1704
-4825
3054
-6970
-6290
5198
2863
4334
-1216
-2782
-3150
7832
-4802
-6375
10074
7191
-5450
-8080
-4476
-800
-3782
-3051
-5116
1392
-2243
-3280
1352
-2618
8246
3050
3676
-5214
-8699
-3616
-334
1981
-1151
-3162
-1752
-3609
-4165
-1034
-1610
-47
-3606
2589
8426
-2832
2717
6462
-8289
2552
1029
3981
-2319
3930
-1339
-6883
-1897
1826
-5500
-6726
58
225
3710
-3419
3735
6685
-5475
-5754
2774
-233
-7451
-1537
-2670
-1907
-5889
-525
3156
2639
-449
-2828
4241
-3022
4632
-2720
-3025
-3930
7302
-875
-1217
8522
1920
249
-7229
-6533
-4261
-2953
257
683
301
548
1849
1516
-3758
4968
1871
1324
2449
-733
1649
3423
1217
-219
6036
-8642
-7916
-1401
-2468
9095
-1084
-102
6565
335
-2290
-2166
26
-2109
-4271
218
4838
116
4252
48
-2104
5525
1487
-3526
-1247
8595
-3533
4501
-6518
2229
-2432
-940
715
5576
4994
2894
-1206
4512
-2048
966
-822
-14
5725
-5968
-1308
-1480
-2935
-5886
5798
2311
-1021
0
5461
-173
-415
-591
3601
2790
4422
-2958
-3589
417
-406
3535
-7253
538
-5867
5582
4675
814
-938
2898
5148
-777
374
2965
-418
348
-1976
-6502
-4488
-2650
4958
2035
-5920
-1979
-2566
4054
971
-3123
-624
-1254
2522
-1117
4781
-734
-7346
-2503
5861
-445
-1654
-6813
-6111
-2017
6954
-5791
5581
-6620
-3414
-6619
2626
-1711
5451
-946
-3192
-1825
-1478
-3688
-1585
-4625
334
-644
-1551
-1626
-3276
-1457
5148
-1278
-133
2883
-2117
-1222
-3567
-3101
-1570
-1313
2240
-4119
4397
297
-3754
814
-1107
268
2860
-1351
-958
-2545
1293
5413
-215
4103
3406
2949
1320
-2532
-6728
-6685
-1346
-4715
6130
-586
-1403
1566
-1488
-2161
8674
2041
3493
-2293
-1841
1806
-534
-4836
1927
-1125
5021
2206
5727
320
-2397
2047
-6033
3507
-7883
1956
1643
-1682
-805
4975
1057
-2408
1933
-1899
2475
381
-1327
791
2768
-3495
2663
-1564
-1100
5660
1416
-1855
-4968
-2193
-1311
3297
-1280
2513
-4742
-111
512
2551
-3338
-1296
-360
-3590
3502
-260
626
-6542
1210
-1577
-4529
-66
7346
-3447
4050
58
785
-1126
2172
-9408
-4815
-830
1395
-1920
-6648
4028
-1000
3671
-1732
-3656
-4134
-691
-2929
-2914
2324
0
-6144
3080
409
2807
-4637
-3266
2822
-4003
7859
358
-5496
855
6091
1554
2421
-6035
1814
3321
-6469
-4098
10479
-3307
4387
1026
-132
-7484
-2010
6254
2814
2937
-909
-2658
4291
-5146
-3184
-617
2030
926
2126
-1098
-6032
-6801
504
-5116
783
1920
-3409
1741
-4862
872
-3142
4687
1370
-2605
6135
-1997
-2100
-5896
-628
2539
451
462
1181
-1990
-10151
1996
1232
2326
-775
-1801
1296
961
5090
-3048
2577
4886
-1926
1537
-999
8520
740
1619
-3079
4374
-4822
5727
-2740
4623
-6676
-5997
3573
-236
-1351
-125
8053
3695
-196
115
-1727
4787
3991
9059
-206
2151
1863
416
-860
-1425
-1700
-2400
502
-1671
-167
3458
-4043
-2368
-201
601
3797
-1140
112
1070
-3568
-6742
1954
1640
1224
-4045
-8640
-2572
-2319
-2165
-1596
-4433
-2815
-2065
-1413
-4481
-4341
6908
-2437
3144
-5255
5926
-4056
-7003
4706
6467
1932
-1504
-8084
-8604
-1634
1389
1466
-4696
-951
-2013
6192
-525
6288
2064
320
9889
5844
864
-2503
-1668
-4138
2116
2176
1335
2154
5452
2386
1318
-3062
1516
-3415
-789
-8824
1218
-5818
-1205
4839
2813
-3517
-420
3731
4270
-2298
21
5851
-3421
422
2507
-3388
1363
-3839
-717
0
-845
3176
14
5645
287
-7734
7733
-4186
2900
838
1736
190
1710
2949
-1312
-8912
5561
8003
6650
5996
4519
-2558
5980
2147
-5776
5772
-3218
-306
-989
-6990
4429
-6910
-355
-2142
-4005
899
-382
446
3365
-1562
-3914
3571
2881
-1676
-3779
8334
4218
-3562
-2334
-244
-625
-2277
-3127
-2404
-1262
6161
-680
3055
-741
-3049
1777
-4956
-1780
15
-4966
-5972
1019
-5708
1149
3034
459
-6246
1008
2379
-3703
1739
-2603
693
6363
-5925
-3401
2573
3390
-5916
-924
-2481
-2556
-91
-64
1888
3369
-4681
-3142
1498
946
318
2010
1164
684
3552
626
9611
-1669
2503
-1417
-2662
5632
-441
1780
-3374
1110
-6113
-4812
3241
28
2965
2961
5050
-10382
-931
-622
-3616
2543
4819
-4532
2840
-883
1110
4455
-6336
-2710
-101
-1534
-2555
-3954
-856
5644
-1437
110
-9207
6739
256
-3370
2436
214
241
403
-4500
-3777
1506
4228
867
751
-2555
-1588
-5884
701
289
-83
-3066
1071
7447
-526
1750
-3568
4998
1007
2036
-1498
5495
-1320
3735
1777
-3569
-952
-2862
1546
-3684
-395
-1500
-1720
-2448
2910
6330
-506
-830
-6333
6796
859
733
-114
-3843
1598
-1113
2176
2497
-2921
2555
0
2048
-1720
-3549
1727
371
1692
-2041
-2046
3141
-41
556
1045
3366
4944
-1575
-1067
4593
-106
78
-1465
-1118
-897
3114
-5818
4273
-2847
806
3508
2944
-1070
400
-6073
755
-1483
210
-5271
9543
578
-4070
1759
7646
6857
3594
7408
7569
585
-1266
-171
517
-361
5572
132
3428
-437
-2484
-4629
2792
-353
7254
-370
-5901
-2268
2921
-3389
-2799
-3962
-2118
729
1904
9323
-10340
5737
-2379
-6568
-322
650
-842
-644
-148
-3463
-4189
3874
-1243
-1108
-3607
-5854
5090
-2419
-2828
2270
-519
-662
2013
423
3560
-2527
1439
5277
3908
-684
2929
723
673
-982
-775
-3626
-1311
2382
673
5825
-1018
-4521
-4985
-4481
-5557
-763
-3339
3412
739
2675
844
-347
-438
-6967
-3691
3854
1517
2541
2155
1271
397
-1644
-554
1667
5054
-1280
-222
-978
893
4900
0
3552
-5597
-7410
2305
-4419
-7102
-2175
-1337
2800
3755
6079
-1421
-2374
2849
-1833
-2282
723
-4993
-1224
816
244
-268
1288
5713
-2375
-5772
792
6877
3328
5908
3736
7296
-1112
-1458
3271
2340
-2098
-111
3530
-4341
-6899
1601
-3934
-2611
2529
-6144
4470
-786
-4793
708
4778
1677
2480
1066
-5496
5083
2295
-2006
-5737
-5461
-7782
139
-3606
771
-4822
-5061
829
2143
-3334
-281
-4193
-4392
3709
1287
-3588
-45
1384
2530
528
0
853
-5307
806
7771
3851
-967
1826
207
-1180
-4020
-1441
-3499
4724
-815
-1215
-725
-2053
-2387
-2098
-4115
599
4965
7447
-1218
-453
-2122
-295
436
6546
1840
-561
4591
461
-5549
-813
-7685
-1378
-1250
-3313
-6524
4261
-979
-2855
1546
-3809
1655
-7735
3259
323
-5419
-970
-5460
-2282
-5178
4150
4133
-2532
-2250
7535
1838
-3516
-2545
-499
-4233
-708
-8146
-3253
1212
1238
-172
-1219
744
4339
-3886
-2777
11
2042
-3671
-8206
3625
-2217
-2103
-262
1086
-8343
-3550
1924
2892
-1621
-2381
-1497
4093
-3110
4411
-875
-2188
7685
506
2292
2813
3938
5516
2298
363
4973
4213
3194
-1281
2530
-3841
4314
-213
-2221
-2283
35
695
-5634
914
3181
-2927
-3978
-1591
-757
1123
2047
8702
-2622
2836
2212
-3349
1854
-2209
-3391
6211
-3128
-2049
1078
2414
-1056
1084
-5805
-4408
-641
-2789
-5543
-3865
-5083
2921
759
-1891
-2024
-1401
2474
189
-3057
-3569
-2367
-5544
2403
-2427
1237
-2690
-2587
6686
-1862
4579
-3705
-2398
1191
2007
1213
-4437
2104
-5800
-4472
-6091
2321
1386
717
4096
3327
-6107
-3133
-6567
-968
3089
-3412
5314
-757
2177
4438
-1162
-332
-5826
4990
4282
4700
615
-6153
-113
-2972
-5601
-1065
3252
-2997
-2765
1023
-4609
7080
-125
516
-2021
4617
1794
-585
829
2508
-3135
-3007
-970
288
-1824
-4361
6164
3933
-4821
-1871
296
1234
590
4170
-6849
-2643
3599
-837
-3712
1531
-6337
-1886
3647
-326
-2098
-3878
-886
-7543
2088
-1521
-3978
1145
-6770
-3134
-9120
4101
4518
-306
-2604
-5216
-2410
1722
-6
5786
5853
7507
-3433
-2146
1893
-5284
-8195
2086
6300
-5127
-659
-7174
4575
642
-3708
3324
-1868
-6155
3808
1135
-3628
2455
6033
-4665
-5102
-3089
-3399
-1839
-2171
-5284
2199
2896
-4631
163
-8437
3186
-374
-2280
2177
4997
4344
-2804
-2633
-1279
-5943
5930
4331
-7030
-1370
-3204
-1835
4982
4635
-859
4157
-4061
4376
-604
792
2609
-6165
-1311
3920
905
3356
-3115
-2407
6197
-1674
-2977
-364
-9229
-6078
1980
7752
-4349
-2752
-6305
7502
-1282
1496
-854
5270
881
4673
2950
521
990
-1704
-4949
-4144
-5985
2889
-1962
-3870
3200
3239
-10912
-4412
5345
-2478
-1915
-3979
-1904
2029
414
-328
-25
3156
-3010
-3741
-4812
1051
-2512
476
8709
8230
3586
2048
1395
-4896
-4434
-587
-30
-2648
315
1117
-6836
-2470
-3884
-4195
1362
-1623
929
-3087
-50
-3552
-5085
-3776
1607
-3207
5459
-6363
505
-2647
1155
7024
-3222
665
-7495
199
-4349
-4502
-2465
161
2208
-3090
-317
2457
95
4293
1031
1677
4606
765
1043
3561
-283
295
-2371
3199
-2971
6637
239
2860
3084
669
1353
-1525
630
-3638
1668
-1743
-3380
4151
3827
1058
568
-3834
6583
2523
1378
182
1322
438
-2012
-4031
1866
1119
2239
2705
1851
-4540
-258
8204
1922
-337
-2065
898
-809
4249
45
-585
1144
1534
492
47
4103
3625
3193
1125
32
-1067
4776
1048
2958
-959
-2341
-7560
7548
-2823
1137
-2563
3571
162
6807
-206
2273
-2477
2815
-1853
-6799
-5704
119
-355
-2319
-29
-1822
1286
2555
-2594
1695
7235
3588
679
-1854
456
-1872
-1382
-4264
6088
-600
2905
6081
1900
-7610
2921
795
-3349
291
-8337
3180
4204
3678
4133
-4929
1518
-4982
-1303
2035
4892
-52
1142
3645
-1032
-5447
-1088
-3348
3116
3613
-1895
-3299
-2547
222
-2587
-4698
7832
-1463
-600
1954
6365
-2077
-1265
5541
2685
4202
-4686
-2877
6429
2723
-2320
-3387
-2766
-501
-190
1383
1834
-6454
5461
615
-922
3418
7410
579
2166
-347
5487
5800
254
-7600
-404
-507
-573
-4075
-2261
-3589
-6329
-1383
961
7474
-2431
-1541
1772
-607
2048
-1614
-1093
-8747
-1284
4052
5442
2859
-4399
55
-2955
4490
3771
3598
3090
4802
2758
-3483
-1836
3518
3251
4082
-2594
3434
590
-656
4030
350
-1153
-1288
-2756
-8046
-1464
3596
-2361
-1028
2986
-189
-1500
2206
277
3525
4946
2236
5825
5620
-1143
2467
-1827
-3159
-4389
9044
7297
-1788
8649
1844
882
2856
-1340
3114
2282
-7627
-590
-8402
-3024
-2612
2900
-1427
2394
1888
-4713
1980
-5375
2052
3918
4187
-1116
-1758
-2669
2932
3701
2895
3015
-6141
-481
-3872
-2600
-2264
-525
-3668
-275
-752
-4467
-3446
-19
4823
-560
-1624
4901
-6888
-2754
-5182
-3339
-6610
-2987
2010
-1175
-395
-833
-468
-2105
703
4936
3028
-3090
-6861
-2351
-1735
-3255
925
828
-319
223
1271
-1674
-4231
-4291
-3171
-2935
11031
-1031
4702
-4502
894
-4340
3258
3241
4560
6499
1602
1462
5458
-638
9337
-4269
-5938
-8741
-5441
-925
-4067
-3802
586
1042
-2368
-4712
1324
2159
804
3261
-2468
1110
-2291
-7332
8556
3176
5346
-3744
-6974
-3403
-2875
638
-6834
1667
0
-3413
-5758
1640
2121
-2448
-4657
-3080
4904
-750
-2487
779
-2217
1238
-917
398
528
5448
-1326
-4193
-855
-2150
-4668
-2346
1131
-4101
-2804
6380
4984
-2518
-2977
1722
-2561
-1306
-3526
-4266
2054
4020
-5949
-2422
-1182
2835
-793
5454
1092
-1744
2194
722
-3029
-1584
-3529
295
-1993
-1872
6111
-3101
4678
-1253
3751
8307
-2223
-2705
2117
-737
6729
2528
2302
2397
-2294
2828
-739
-2473
5481
-268
-3764
-5027
-767
-303
-4812
5086
-4024
-1489
-2560
3260
-5692
-1760
263
1859
648
-4137
-114
5653
-1688
-5413
1122
-3797
-2072
9119
6762
-3110
684
3552
-1749
-4349
-1981
-1525
-19
-3248
-659
-3633
-9303
-163
915
4522
-2872
5373
-525
3976
3793
2432
6853
-9831
6264
966
-558
4568
-1736
-4475
-1459
946
-3596
-5525
7641
1033
-1202
-3853
-3479
3153
1574
-3483
578
0
1918
3703
5093
-2434
5505
4990
-1749
3329
-501
0
5627
3352
756
-568
-3686
-5241
7781
670
1862
2720
-1595
-4156
-1649
2677
-552
-1919
997
4707
5816
4421
-2683
317
-377
627
-3246
-595
2446
6463
2253
3141
4357
-811
933
-2972
1084
236
-2116
-2566
12
-7350
6123
3978
1545
-8621
-3965
-2777
5232
-27
5020
4096
-2987
-4937
-4411
-3418
-5900
-3073
865
1479
447
-1682
-18
-8429
560
677
4573
-4194
-1764
2179
-1119
0
-4274
6828
-3733
-1673
4048
-2473
3813
-1741
-5129
840
-1389
-165
1527
4545
-768
-3112
135
-1756
2695
2186
6730
-3137
-2872
-170
-3069
-4430
154
212
-778
0
-3183
-2102
3517
-3889
-3917
-1082
7409
-3282
-2855
1803
419
5524
1694
-5448
-5905
691
-292
-1146
9290
-136
-1265
-5947
4322
-6597
-156
-2975
6380
1409
2004
-3287
1537
4353
4978
-4372
4644
359
-1916
883
-1559
-1786
1504
7918
-2078
420
-6130
595
-1585
-684
-2052
